11176
7721
18828
7295
7165
10035
5346
6464
8501
4697
5484
5921
5774
5365
2702
3732
4523
4551
3861
4296
866
2721
3833
4166
3945
3074
3770
3368
3886
3132
2590
3671
3018
3616
3462
3512
3000
2946
3235
1370
3119
3211
3194
421
3280
2960
1304
2893
3171
2924
2774
1560
1850
3549
2620
2106
2375
2615
1484
2664
2203
2679
2581
1895
2773
1595
3233
2400
2548
1326
2194
2399
2443
2308
2196
10
1755
2390
2329
2133
2224
2381
1343
1952
2082
2240
1662
2161
2009
1915
2015
2209
2083
1199
1852
1404
2060
1067
1916
1570
2128
1990
2058
1573
1457
2091
2064
1449
902
1837
2043
1829
1959
1867
606
1570
1505
1125
1015
1012
1281
1316
1529
1401
1855
1145
1409
1776
1066
1458
1654
1802
1388
1422
1660
1853
1720
1143
1378
899
1744
890
1772
1650
1668
1345
1104
1737
1670
1729
1658
1539
1662
1325
1504
1118
648
1006
1695
1564
885
1662
1430
1708
1572
1659
1342
889
951
1646
1520
190
1565
1575
1543
1106
1448
1284
1503
1464
966
1555
1433
1481
1384
1387
1266
583
1438
765
1366
1114
1290
1221
1333
982
1178
1288
996
1314
884
1298
707
1082
1056
1293
1330
1270
1409
1408
874
989
1329
1044
1101
1225
1100
1327
1007
1360
1354
1329
1318
975
1024
962
973
983
906
713
998
1106
1341
1220
1326
1153
1214
704
1262
1432
994
692
1270
877
1126
1121
916
739
1072
1018
646
1082
1158
423
968
616
932
1113
1250
757
1009
784
1191
514
1187
1076
1063
997
652
1160
574
1170
199
1102
916
869
499
997
858
918
1026
722
838
889
974
638
907
782
1050
820
716
627
918
701
962
964
888
791
1029
879
963
1013
840
476
874
732
769
614
718
1053
756
928
655
1023
895
735
913
929
524
1101
847
815
919
885
754
945
784
608
758
890
1074
1028
943
638
744
846
796
857
750
765
807
1070
797
703
918
523
901
1060
870
961
922
808
818
944
981
782
801
664
398
661
796
740
349
843
765
457
678
732
896
833
720
719
860
885
891
628
384
961
678
706
627
698
891
713
523
673
851
915
627
539
857
918
978
616
784
623
633
405
708
806
420
538
324
939
494
664
865
881
782
801
893
886
513
463
642
714
719
801
699
656
690
812
641
418
677
651
566
693
710
583
532
810
671
873
510
568
640
801
863
681
729
620
713
724
850
222
548
772
447
905
272
709
587
504
461
570
714
786
862
717
532
739
736
409
565
618
477
495
747
510
471
707
742
731
811
581
742
479
624
748
577
748
719
792
539
388
631
439
488
415
269
573
548
726
676
419
700
803
601
663
551
720
707
823
472
779
513
689
647
519
478
724
643
653
463
547
677
760
488
447
649
726
719
589
849
605
477
380
630
661
589
754
618
549
605
659
570
616
697
300
483
746
798
447
629
440
713
647
665
630
544
645
421
750
699
491
691
746
659
694
691
412
556
514
578
655
461
727
622
432
491
653
716
737
564
404
543
534
537
378
690
578
687
688
404
672
482
609
396
478
402
290
348
519
463
521
540
396
567
568
538
576
647
684
486
496
520
353
514
534
610
604
185
358
590
385
486
596
573
522
425
615
526
604
489
580
491
559
634
522
511
641
569
604
452
447
573
403
628
259
692
616
471
625
469
339
523
475
553
392
495
209
520
618
340
404
504
59
489
567
534
352
436
368
395
427
573
505
341
307
284
611
419
585
315
528
580
186
601
550
326
360
305
387
508
340
481
548
361
552
397
560
332
439
395
544
519
477
542
370
432
368
450
374
599
441
563
140
435
412
367
535
382
422
460
362
459
454
502
376
429
296
412
158
528
403
564
427
438
430
308
302
534
378
402
443
578
547
480
583
407
309
417
414
562
577
513
391
525
355
360
413
371
657
213
408
536
515
269
482
593
404
562
373
515
473
423
478
504
511
460
461
509
46
516
430
257
442
537
389
352
323
418
414
488
417
321
391
438
500
295
432
527
390
560
486
526
407
395
512
429
467
437
457
446
224
286
462
377
459
376
221
400
302
520
367
352
439
528
496
362
362
500
449
411
394
379
516
362
442
472
198
354
363
393
541
402
473
188
373
426
435
472
462
452
346
454
208
436
499
426
412
183
444
441
439
202
261
403
211
316
461
414
471
300
355
311
493
558
350
443
373
484
415
323
360
408
372
403
430
243
499
504
489
385
469
180
421
425
251
447
352
332
304
477
454
231
387
463
451
199
356
316
385
260
351
402
310
501
507
472
375
401
366
392
144
428
397
332
251
177
377
379
318
351
488
295
429
410
369
229
269
364
205
393
409
321
449
514
447
453
291
452
262
366
464
409
204
293
321
309
355
295
300
374
254
296
368
264
438
307
238
332
447
413
375
381
398
216
410
366
473
284
453
312
356
173
397
321
206
428
330
395
317
420
306
299
331
208
428
384
221
276
381
313
412
207
320
293
408
346
314
199
321
322
358
394
422
304
387
393
342
255
397
212
416
397
167
199
374
203
260
314
283
388
361
292
277
376
402
253
375
312
364
377
304
266
157
354
405
181
171
209
308
155
425
243
400
359
380
302
306
393
407
377
396
407
453
228
293
409
312
184
297
277
385
343
302
391
424
371
295
387
309
275
257
352
207
302
312
223
196
400
329
346
346
282
262
302
402
353
330
340
343
370
368
271
331
208
260
225
274
232
6
242
320
148
272
273
382
300
265
308
310
276
207
271
330
355
223
357
325
216
274
263
183
201
215
348
342
355
343
202
331
218
174
300
326
181
197
370
392
287
359
374
373
292
379
317
299
320
251
304
207
258
346
227
257
307
309
225
175
340
371
344
331
397
159
406
367
248
360
311
303
369
312
386
231
354
307
285
129
245
253
244
329
346
286
202
274
332
396
388
300
322
227
74
311
383
389
351
253
323
366
240
262
307
280
295
332
207
176
220
230
335
346
285
369
361
350
306
348
253
313
226
275
288
198
323
350
405
227
301
367
244
265
289
172
272
234
347
338
306
252
207
343
178
330
278
291
215
300
219
378
310
300
310
294
282
290
344
224
321
347
328
351
297
243
281
287
206
381
202
271
298
230
103
338
298
236
281
331
279
212
184
260
251
257
289
283
294
332
231
291
309
268
331
341
303
331
243
343
267
303
173
241
239
285
268
298
210
338
350
211
257
316
78
311
274
221
250
325
240
321
193
210
212
289
163
155
184
271
242
191
328
276
310
337
204
335
203
288
339
202
223
216
335
300
340
283
297
236
294
286
297
261
217
259
322
275
281
320
248
246
234
139
221
325
338
202
317
167
302
289
115
277
324
183
291
101
196
53
249
215
125
230
307
243
300
263
178
337
278
201
272
236
271
293
244
248
156
317
162
323
204
272
212
235
202
275
210
199
306
190
248
167
201
216
234
302
39
223
197
225
247
179
254
260
196
256
226
199
272
287
312
306
298
233
222
260
244
214
275
283
188
264
186
296
137
233
179
187
254
293
182
248
230
282
289
221
201
293
249
200
229
276
114
270
235
207
294
279
317
168
229
184
226
201
171
175
305
246
235
271
271
244
252
86
281
254
207
217
215
265
201
189
172
126
273
266
177
289
262
167
188
228
287
151
223
276
233
198
211
187
158
202
235
238
287
163
230
108
275
230
245
279
228
239
248
255
236
65
266
249
177
230
279
238
207
200
247
226
165
225
288
308
142
228
248
201
200
116
145
217
256
265
204
209
124
183
280
276
266
185
217
196
280
172
151
145
247
218
261
121
205
205
214
255
123
264
272
256
250
250
191
212
137
227
198
268
201
134
221
176
206
212
204
212
113
230
273
186
187
192
240
228
154
160
246
144
194
228
290
112
271
233
270
264
167
267
246
274
223
220
162
212
209
200
244
238
200
215
270
247
183
254
259
134
175
127
158
226
255
222
248
218
208
238
229
127
172
220
218
208
137
193
266
180
238
265
147
192
243
216
224
247
183
175
245
140
194
251
186
235
166
197
204
214
227
222
204
179
211
155
160
147
95
185
251
145
268
115
176
240
227
259
171
193
212
253
270
186
218
161
219
230
214
171
200
199
209
176
240
242
213
162
196
256
190
220
226
163
255
160
133
269
205
221
253
109
229
206
194
159
205
179
138
200
189
262
132
160
228
213
196
201
256
261
127
124
237
226
245
221
170
113
143
194
248
153
204
134
194
240
155
208
191
201
88
258
206
240
223
249
207
36
257
214
233
158
176
122
173
157
234
160
152
221
238
180
221
185
193
220
164
210
182
209
258
179
146
59
172
252
243
88
255
215
260
210
144
177
198
243
107
153
184
162
251
233
199
154
221
264
148
227
250
232
209
148
196
162
232
196
184
193
213
104
143
153
208
147
184
140
209
218
228
190
208
167
209
141
194
220
168
160
171
182
214
225
184
156
205
157
193
151
169
135
176
226
210
217
136
202
150
194
158
196
203
161
197
146
176
211
133
165
194
171
116
194
54
138
147
205
118
196
135
134
196
175
210
87
197
19
167
211
189
186
146
77
153
138
130
172
140
79
93
190
231
160
177
183
172
188
132
181
155
105
166
131
207
105
147
125
183
193
171
168
148
174
153
145
187
150
172
152
151
217
201
135
80
239
104
127
188
226
208
230
158
168
144
205
189
188
131
144
211
77
203
203
202
140
158
162
184
197
196
129
200
179
182
175
169
163
215
150
188
209
207
216
166
87
138
181
120
166
177
152
72
169
154
198
155
177
208
102
208
149
163
148
178
183
174
206
115
199
130
159
128
171
200
158
203
185
152
120
187
201
200
145
125
179
155
114
154
115
147
167
170
181
217
159
210
147
117
67
177
112
129
217
115
208
199
193
205
136
89
120
188
183
167
165
192
199
205
52
207
190
132
98
169
150
128
208
183
120
105
134
133
177
184
145
160
111
109
176
150
140
134
119
182
119
153
164
161
201
191
196
172
152
173
113
163
26
222
36
148
86
204
121
175
111
200
182
81
199
172
187
147
166
194
206
177
109
192
123
118
105
193
150
101
180
134
169
170
137
148
131
155
148
180
141
203
202
130
168
130
127
125
206
137
163
190
142
190
178
160
208
100
135
158
120
137
184
102
194
138
172
151
155
153
183
197
159
158
181
121
143
185
133
145
114
102
170
146
92
173
145
174
74
165
115
188
149
66
128
123
187
182
167
94
164
142
127
55
121
176
129
160
184
140
132
195
171
156
112
146
178
134
128
147
190
93
95
171
103
185
122
48
127
156
164
138
179
160
162
125
86
103
181
161
95
187
186
174
146
189
165
183
119
179
146
159
155
163
151
110
63
108
150
183
179
129
179
149
187
155
110
156
157
116
81
131
158
169
158
165
93
78
151
183
144
153
132
74
161
144
183
112
167
166
152
70
39
140
120
135
151
171
105
72
96
131
172
150
82
135
170
181
177
68
174
82
122
70
167
112
67
96
46
148
43
160
171
118
132
193
102
129
180
103
167
155
175
107
162
139
134
62
169
120
159
170
127
162
64
167
170
155
106
130
169
165
167
184
137
180
119
135
149
157
185
139
172
50
181
91
111
142
162
50
151
161
132
67
139
132
117
175
145
64
127
166
147
84
105
134
158
170
68
128
107
154
146
149
177
144
155
163
169
135
142
170
138
40
135
114
125
158
181
108
150
173
176
159
145
170
154
111
99
182
136
111
115
179
41
119
126
68
143
99
171
129
95
116
178
110
161
151
173
87
133
154
172
134
155
122
109
106
56
139
138
108
130
90
150
143
108
141
107
143
161
158
160
107
114
160
121
102
147
95
144
109
158
131
121
139
140
117
146
122
130
95
120
163
157
110
166
125
55
120
107
145
153
124
161
141
115
33
143
151
36
161
141
160
34
95
69
139
158
151
102
119
67
113
159
107
159
102
104
127
141
119
166
50
139
164
128
139
100
102
91
133
59
124
55
106
139
142
136
82
117
83
154
108
86
142
94
136
115
159
85
140
131
105
134
81
119
129
159
109
162
161
127
165
164
163
148
154
136
79
124
123
110
119
126
113
161
113
101
119
89
91
136
150
71
72
150
157
114
84
159
136
146
138
126
103
134
143
162
145
155
125
117
143
140
62
132
49
82
66
120
110
126
99
106
117
145
133
157
70
44
96
141
114
79
143
83
99
132
68
162
38
150
128
134
127
133
131
115
147
38
169
100
132
146
109
103
101
153
83
131
153
138
105
54
133
126
130
105
76
131
98
150
98
106
20
115
130
119
110
132
87
64
38
117
137
155
148
151
127
111
90
99
116
86
126
91
113
125
154
100
150
138
94
106
106
134
92
145
143
128
107
126
76
125
147
142
160
137
151
140
59
120
156
128
151
154
146
121
149
128
114
143
101
137
149
123
136
133
138
141
94
103
101
151
80
140
146
127
104
77
121
154
135
119
110
50
99
97
141
83
148
58
102
101
121
141
138
115
139
121
110
129
134
93
153
120
110
146
117
112
105
109
130
82
130
83
70
129
148
117
136
150
80
116
156
86
130
135
145
67
120
141
110
138
127
137
130
143
119
101
125
104
136
98
144
104
138
123
124
139
127
94
103
69
114
114
91
142
62
76
82
135
83
97
118
117
136
139
139
86
130
124
119
101
128
76
99
123
126
101
62
98
82
95
142
141
117
134
108
126
138
105
79
110
126
89
99
118
148
138
153
90
128
62
116
82
68
118
115
124
100
50
95
91
101
122
125
118
2
119
35
22
132
71
116
123
134
101
108
116
74
139
118
117
106
123
122
83
99
131
129
138
136
134
87
91
89
124
141
115
118
121
71
95
84
141
116
88
100
103
136
130
107
91
126
102
102
106
116
128
124
138
123
108
99
88
115
103
105
123
99
118
129
109
71
127
84
111
96
132
116
80
80
136
93
100
135
26
96
86
92
88
132
104
105
114
72
92
98
110
78
131
121
110
131
88
125
106
108
136
124
136
102
76
84
89
116
103
111
140
123
103
127
121
90
50
49
92
136
86
85
66
109
98
98
120
44
84
106
60
104
74
106
114
130
128
103
91
107
112
105
104
93
106
30
131
122
71
80
118
129
104
128
132
113
51
83
106
130
78
108
124
134
102
67
115
50
98
112
113
125
77
120
131
94
103
4
108
115
76
83
96
121
70
78
60
114
108
125
120
85
102
125
119
82
85
87
106
81
18
101
116
129
113
83
115
72
120
66
121
114
98
110
91
134
112
74
87
33
101
109
103
122
103
83
87
90
135
125
96
121
128
93
61
124
67
74
85
95
50
127
77
67
126
125
75
122
53
48
113
115
51
95
69
120
85
29
82
71
99
80
130
86
101
74
99
81
60
51
94
121
101
114
132
120
128
16
131
107
90
83
124
115
38
100
40
111
95
123
60
120
90
105
85
89
101
117
118
61
127
123
79
101
123
77
80
73
105
78
112
120
106
73
117
98
123
96
70
120
81
109
91
106
113
118
109
98
39
87
112
28
88
107
98
98
118
99
113
111
96
88
35
13
60
63
114
79
100
82
112
72
115
107
72
70
87
84
2
128
84
80
105
88
93
119
101
126
109
88
122
87
78
68
98
64
112
130
117
93
74
111
77
101
88
82
102
65
76
96
94
108
110
121
83
83
111
111
62
126
106
95
98
95
74
107
115
119
10
86
84
111
81
61
60
47
85
97
74
111
59
112
76
97
119
92
119
111
96
31
94
77
91
68
109
102
84
91
101
84
46
115
111
114
99
70
122
7
91
96
104
89
120
108
42
78
114
96
104
115
65
35
41
108
106
98
75
113
84
76
83
111
107
42
82
82
113
110
71
102
82
122
117
89
91
120
88
116
120
114
87
30
89
84
93
86
93
87
60
98
95
94
73
89
69
71
99
57
100
91
102
74
99
69
82
85
89
85
91
96
77
85
57
83
94
93
102
102
43
93
86
95
37
62
101
109
89
74
99
93
89
91
77
78
95
117
64
86
96
81
90
82
69
63
86
76
101
108
37
86
87
83
109
81
116
109
103
77
113
110
108
80
109
113
81
110
64
100
78
104
79
55
109
93
86
101
67
78
101
103
99
38
101
90
93
70
91
55
93
99
83
78
91
97
46
90
84
83
65
107
80
83
69
94
75
98
94
102
110
64
90
68
98
72
99
80
73
100
88
87
79
86
97
90
74
20
50
88
88
54
89
69
95
85
22
55
102
76
77
91
88
108
105
61
75
110
98
110
60
70
85
74
98
75
84
68
105
61
111
92
94
107
72
104
22
106
92
85
88
90
106
106
84
20
30
44
9
89
105
98
79
66
83
88
82
93
91
68
104
76
59
57
92
90
88
70
107
89
96
70
97
101
47
71
66
29
96
79
55
95
104
82
95
82
102
97
89
100
98
76
111
100
54
87
73
100
37
85
75
83
77
105
56
91
84
87
97
95
67
52
70
70
81
88
101
60
83
61
96
53
95
92
102
65
18
87
104
91
90
67
105
65
104
39
75
91
90
97
43
72
101
64
108
80
103
65
93
90
44
70
88
96
92
88
105
73
88
63
30
106
98
105
74
94
63
97
93
99
35
54
60
103
78
35
94
78
71
92
82
36
84
97
69
31
64
61
85
100
104
75
75
64
59
99
38
90
94
80
105
67
80
61
91
45
86
68
80
80
71
8
98
104
62
73
52
74
97
82
58
84
60
72
69
72
81
90
42
71
49
76
80
77
81
67
95
80
54
92
8
48
83
41
97
81
89
75
55
89
36
62
77
99
101
91
42
59
93
50
68
96
94
50
91
99
72
71
77
98
58
41
95
54
77
62
42
39
71
78
92
77
62
71
100
55
71
89
64
64
89
59
89
89
91
93
45
44
85
70
74
100
24
93
93
76
63
91
89
80
78
80
99
92
87
61
77
77
96
87
89
73
81
65
73
77
98
56
82
53
67
88
58
69
78
70
92
44
46
89
73
76
74
84
72
71
97
78
98
80
92
83
91
67
74
68
95
88
93
63
59
81
72
77
63
89
63
66
86
97
98
98
72
77
84
66
56
79
98
95
44
91
77
82
69
67
99
85
78
85
77
65
82
93
74
89
98
50
70
63
74
73
93
70
50
41
89
82
57
93
87
79
71
63
63
58
89
100
53
73
99
88
94
52
88
81
73
72
76
85
75
83
84
49
94
45
77
29
18
77
86
53
45
87
71
97
97
8
35
89
99
85
64
65
79
71
95
77
63
92
56
81
71
71
83
61
87
55
73
69
99
56
77
63
84
91
74
90
83
63
66
55
78
72
64
57
65
71
52
55
69
68
27
33
72
56
89
65
69
73
57
56
95
84
42
92
66
70
45
74
40
71
73
84
59
93
70
92
76
76
45
71
70
71
54
87
61
84
74
83
93
84
81
67
92
57
54
56
34
67
83
86
87
75
90
87
56
78
37
55
93
84
78
40
41
78
85
82
21
80
50
20
78
65
63
32
59
62
50
71
71
91
66
47
81
56
78
77
67
43
59
87
63
66
60
65
50
85
35
44
85
16
72
77
70
68
49
23
71
62
66
76
76
58
87
67
54
88
57
70
65
81
77
80
61
71
55
54
87
91
53
45
49
24
41
43
89
50
92
47
82
68
69
87
76
39
84
74
79
75
87
75
64
64
73
92
89
53
39
87
78
88
64
72
37
58
68
86
57
80
51
55
58
68
36
70
40
35
82
76
71
83
87
84
77
72
77
54
84
69
60
67
72
58
81
83
77
82
63
70
54
80
74
87
53
67
70
75
82
51
51
77
70
42
66
38
86
48
53
58
56
58
28
31
57
59
76
74
74
76
25
58
77
74
75
71
85
77
51
77
60
48
84
37
33
80
86
71
26
70
80
61
69
55
80
86
54
90
42
76
85
55
43
73
39
59
55
61
62
77
61
58
85
40
63
76
49
51
35
66
59
73
79
41
86
79
80
56
69
71
69
77
56
82
68
84
62
64
79
82
82
34
74
64
68
62
65
67
86
52
78
49
79
81
81
76
62
65
82
51
70
40
28
68
35
52
70
67
40
41
82
79
69
85
80
65
73
84
66
73
80
71
62
53
58
41
75
68
66
46
53
31
37
40
72
58
78
65
34
67
59
70
59
65
76
69
77
77
29
62
64
55
66
39
40
67
52
74
75
63
63
52
54
67
62
15
73
77
56
15
71
30
59
61
53
53
68
65
82
63
74
78
29
81
65
50
74
85
85
47
60
76
62
75
56
67
63
55
72
52
77
75
65
77
13
52
53
75
45
85
49
63
59
64
78
5
74
58
54
66
49
55
50
80
47
72
69
14
55
83
62
76
64
60
53
57
64
55
66
24
67
74
74
49
69
65
53
65
52
66
69
69
19
32
58
76
34
85
71
65
59
38
48
56
71
55
69
77
75
72
44
66
64
44
60
81
44
61
78
57
41
37
75
73
75
36
71
58
46
71
73
49
53
75
57
38
74
17
55
75
82
39
55
50
54
53
75
68
24
75
30
45
75
69
78
79
37
11
64
67
63
76
46
77
76
76
47
77
72
78
75
50
78
73
42
65
50
63
50
54
70
61
58
79
70
50
73
67
55
64
71
58
69
66
48
41
74
78
58
52
51
71
41
71
64
35
71
64
60
62
65
52
23
59
65
78
75
53
56
56
43
71
79
59
79
71
73
53
77
58
50
45
69
55
65
55
58
70
70
54
63
46
82
60
60
77
73
53
41
70
70
78
63
50
61
63
33
75
49
62
57
64
63
47
37
60
41
48
50
56
51
71
78
58
70
68
69
67
51
66
60
50
45
44
77
33
58
39
68
45
56
60
56
34
60
71
57
58
63
58
57
56
51
62
14
51
74
44
72
57
61
51
69
61
57
37
80
19
58
61
65
80
11
58
42
78
38
68
75
80
29
60
36
54
57
59
55
66
73
44
61
62
59
59
67
63
63
40
64
50
71
77
33
60
46
40
50
60
72
34
72
59
69
63
48
55
67
58
69
51
70
38
70
27
56
69
52
58
75
44
29
69
61
72
71
51
66
70
30
66
60
74
53
44
41
70
65
11
49
69
43
72
49
44
69
67
42
72
65
63
40
77
49
63
71
60
62
70
44
61
74
53
66
34
43
42
65
69
50
62
53
57
62
33
65
37
56
65
40
62
52
58
49
35
65
72
76
58
64
68
43
67
55
51
25
71
66
54
72
68
70
54
55
58
56
62
43
58
15
55
66
60
31
61
62
41
66
41
67
52
70
54
57
55
64
44
9
68
59
35
62
60
60
37
65
25
67
57
32
34
39
56
20
47
59
62
49
28
64
63
56
43
57
34
50
48
36
52
45
70
54
65
65
41
48
61
66
64
13
66
64
72
68
71
74
41
46
49
61
67
65
75
18
73
63
40
55
60
45
66
33
50
52
48
57
48
27
45
55
11
41
42
31
70
66
48
53
55
43
64
36
72
56
35
57
18
26
59
51
48
67
66
57
64
60
55
53
12
26
70
65
9
60
62
67
51
36
46
72
69
58
35
71
52
17
30
66
32
39
42
73
46
40
64
45
60
63
63
57
62
49
40
73
56
55
64
41
32
48
62
55
34
43
45
57
37
52
65
46
47
41
40
55
69
47
58
42
60
42
38
39
67
63
64
46
63
46
71
70
35
59
26
24
24
49
41
69
34
45
61
16
42
43
50
73
37
64
55
63
49
66
58
68
66
50
28
46
61
62
59
60
59
49
43
52
39
52
67
19
45
54
62
51
23
51
51
53
53
40
55
33
49
35
66
43
63
49
5
37
28
60
26
43
36
63
62
69
42
45
30
60
60
43
47
64
39
65
71
62
69
61
32
35
42
36
39
40
63
57
54
62
56
44
49
58
26
58
54
17
61
51
43
61
51
52
64
64
59
66
58
55
45
37
25
20
48
71
14
53
60
53
53
54
64
48
52
44
47
60
63
54
61
34
34
45
51
62
68
48
62
31
55
2
45
43
51
59
56
46
56
52
46
58
51
64
64
65
51
40
62
50
50
30
42
48
42
42
51
44
62
63
48
40
51
57
44
66
62
43
67
7
65
60
58
68
41
47
52
35
62
40
58
58
67
65
58
49
48
32
54
37
44
63
37
59
33
59
61
33
59
46
64
20
45
64
58
39
60
55
63
48
62
55
52
47
36
32
51
22
46
30
64
40
42
52
55
48
63
49
65
53
65
25
59
46
47
32
47
50
53
19
49
42
65
29
39
29
46
62
53
60
46
40
34
50
14
30
31
50
51
48
49
54
57
48
55
29
66
57
61
55
47
61
34
40
43
41
35
60
61
33
13
51
59
59
26
45
58
46
31
41
39
4
63
57
62
39
44
52
53
54
39
44
53
51
39
57
50
55
42
53
58
46
44
37
63
52
47
42
60
50
13
59
33
45
58
37
50
56
42
16
29
54
65
48
50
55
57
51
58
65
39
40
42
40
54
41
59
50
47
38
28
48
44
54
50
49
51
52
43
58
50
41
49
50
51
62
28
50
41
45
65
60
38
58
57
64
43
58
31
44
48
43
28
53
38
48
58
41
19
32
38
49
45
44
46
43
46
49
45
50
37
53
58
57
50
39
56
39
39
50
57
43
57
55
60
42
4
43
60
17
47
54
62
38
37
25
56
53
27
48
52
54
39
47
61
53
14
56
13
58
57
37
31
53
30
52
60
40
39
53
53
61
35
57
52
45
15
37
30
49
45
47
53
60
41
52
61
57
47
47
43
56
60
47
42
43
51
7
39
25
32
52
37
26
52
54
59
45
50
36
59
55
30
21
48
47
53
50
56
51
37
40
54
34
59
54
38
47
60
57
52
29
57
34
50
54
52
33
55
16
34
46
58
29
57
40
35
27
51
48
41
52
44
26
52
37
49
44
44
38
61
37
49
50
44
57
7
32
33
51
39
55
14
58
38
54
9
34
46
38
28
59
39
49
38
38
26
57
58
43
32
42
50
34
35
50
46
36
54
61
54
27
61
27
39
43
44
50
44
19
59
41
28
38
30
43
44
41
30
49
49
46
30
30
24
59
54
56
57
57
53
51
30
49
43
56
50
32
33
47
53
34
51
42
20
50
58
49
43
40
45
32
51
52
57
29
40
55
51
23
37
30
29
48
50
28
54
24
36
60
43
24
51
59
55
29
51
37
41
55
37
54
36
33
54
52
49
45
57
46
48
36
53
52
47
33
54
47
46
33
46
23
55
53
44
38
54
34
21
43
51
45
43
48
55
40
41
47
52
47
21
19
54
54
8
6
48
52
45
45
28
38
27
40
32
59
32
45
48
59
35
55
36
58
46
46
19
31
36
25
55
19
40
41
40
46
38
36
56
36
51
46
48
54
55
43
38
28
52
47
51
28
22
56
52
57
49
25
43
46
31
51
56
42
46
41
49
41
45
53
23
37
53
46
50
42
55
53
59
45
38
57
39
37
58
50
55
37
53
43
32
46
27
54
42
27
56
38
30
43
36
31
47
57
57
44
43
44
46
55
17
52
34
26
44
53
56
31
38
25
30
46
52
30
47
45
39
48
39
55
54
18
48
52
48
52
52
43
28
50
37
43
54
56
15
38
38
52
42
20
32
50
50
44
52
32
56
53
36
24
46
38
32
58
35
40
42
30
42
40
52
44
42
53
48
56
47
34
49
46
37
4
49
36
48
23
35
38
21
17
51
44
36
38
13
50
53
45
39
46
55
45
51
41
25
25
35
39
24
46
43
29
35
45
42
34
34
52
44
52
54
36
41
37
57
17
43
57
45
44
39
41
27
47
36
37
38
45
14
25
54
15
14
17
55
56
42
40
38
35
41
34
42
28
38
54
37
56
36
9
48
38
39
29
45
43
21
41
51
49
48
24
48
34
47
54
27
32
14
47
41
39
52
33
35
49
46
46
51
49
32
36
36
49
40
45
54
44
30
42
44
2
50
37
21
54
43
50
49
34
51
44
45
28
9
45
51
26
47
34
48
21
31
44
47
47
46
34
48
33
46
49
33
40
45
42
54
42
45
42
50
30
37
43
49
51
50
40
40
30
36
36
41
54
50
51
47
39
41
54
51
44
35
33
52
49
29
18
39
50
29
26
48
44
51
16
22
43
17
38
49
48
39
13
44
35
32
45
24
40
50
35
41
45
44
40
27
41
26
36
49
47
18
52
38
34
29
39
35
50
47
30
35
31
38
35
41
33
38
10
44
43
50
49
31
35
34
38
6
54
46
54
28
38
48
40
46
51
43
43
42
38
33
37
37
49
20
42
39
32
49
50
9
35
52
30
42
44
20
48
37
30
41
35
40
41
3
32
41
43
16
35
48
40
27
47
42
44
39
52
16
19
50
29
43
50
46
31
36
49
22
27
42
40
33
33
42
40
46
34
39
46
27
37
34
46
48
46
32
34
46
44
47
50
32
46
44
49
47
45
41
41
46
43
39
52
34
49
46
43
45
47
48
51
40
38
47
28
52
31
46
49
46
16
16
42
45
37
45
49
46
32
38
39
40
36
45
44
20
34
2
48
44
29
42
28
49
50
43
45
45
49
48
27
44
49
25
45
46
45
31
33
40
46
42
42
51
47
25
51
33
49
40
30
36
43
33
45
38
24
38
39
42
49
28
43
11
45
41
14
39
40
12
45
44
35
10
29
38
42
26
16
18
31
38
47
23
26
23
36
39
26
24
38
43
33
45
35
47
51
46
33
35
43
33
29
32
38
32
38
47
43
32
40
40
45
46
37
49
46
33
46
15
38
39
33
49
25
43
44
28
40
50
51
49
39
22
44
33
30
43
39
43
33
28
47
38
41
48
34
35
48
42
44
34
50
35
47
18
50
44
31
40
23
36
48
34
34
35
25
46
15
42
39
22
21
32
27
15
32
32
33
44
48
42
32
29
46
39
22
27
34
35
44
38
41
39
38
39
43
5
44
42
45
43
46
25
36
30
46
39
26
41
42
45
43
38
28
35
35
40
49
30
41
33
19
31
26
43
26
37
36
39
16
43
33
43
46
41
44
30
3
47
48
1
46
42
43
45
10
26
24
29
38
17
41
41
20
37
36
30
32
27
39
17
43
47
38
36
25
35
43
45
49
43
37
25
29
37
43
45
42
39
45
29
18
35
41
25
21
40
46
40
48
25
22
46
44
33
41
41
28
44
23
41
40
26
36
29
25
38
48
45
22
46
43
35
26
24
5
48
43
40
21
40
46
1
41
37
42
43
46
31
15
41
33
30
48
40
32
36
28
28
37
35
34
37
42
46
45
27
35
38
13
18
15
46
34
36
35
39
37
39
45
46
42
39
44
38
18
34
28
15
41
45
34
43
46
34
43
30
31
45
39
36
44
38
4
45
30
20
45
47
36
47
43
39
39
46
30
47
46
37
28
32
25
2
20
39
7
36
37
29
34
34
43
42
45
40
41
29
38
25
32
41
44
39
27
31
45
45
33
44
38
29
40
38
47
48
38
48
34
28
35
22
39
41
28
41
43
45
44
41
43
9
41
26
17
35
42
38
46
46
25
39
47
29
44
20
41
14
27
19
44
44
42
26
34
20
42
43
40
38
30
44
41
47
47
18
38
27
42
36
27
34
46
31
43
27
33
31
37
25
37
38
45
46
39
32
33
37
44
39
38
43
32
40
40
31
41
32
43
21
31
27
8
37
46
44
35
30
37
36
31
41
28
30
38
34
40
34
33
22
43
47
34
35
30
34
41
45
43
40
38
19
35
39
44
42
37
28
7
43
36
17
44
19
33
37
39
44
17
29
38
37
2
33
27
24
38
36
42
44
27
38
30
39
39
44
11
28
36
46
43
4
23
43
25
19
40
35
39
29
35
43
42
32
34
17
29
36
43
33
44
33
27
40
42
38
46
45
10
22
45
25
39
40
40
14
38
34
15
18
45
39
43
34
44
23
32
46
44
39
34
39
32
39
36
28
21
43
39
35
37
36
31
24
18
25
41
30
16
18
32
21
32
26
43
35
29
33
4
39
24
43
28
46
39
32
31
40
34
36
38
39
35
43
27
34
21
30
45
16
19
39
39
23
32
39
37
35
44
32
13
23
33
40
39
40
26
31
39
15
4
42
7
23
39
22
43
30
36
31
44
21
30
18
30
37
42
40
41
36
25
41
38
44
37
39
36
40
20
15
39
30
22
12
40
42
36
38
23
32
37
32
36
35
36
39
43
43
26
29
24
36
45
39
1
1
27
44
31
38
40
28
26
31
42
34
45
37
27
30
38
40
39
39
42
35
43
28
38
2
44
32
32
10
38
28
43
44
30
37
36
30
34
35
29
41
29
31
25
28
35
36
34
43
27
33
40
44
38
33
39
42
36
43
21
36
34
24
27
29
41
26
30
34
30
25
36
21
19
33
23
31
32
26
24
42
41
27
32
39
26
31
37
28
38
40
31
35
40
44
27
12
21
31
44
16
13
37
36
30
44
36
32
20
37
42
25
44
20
33
39
17
40
38
36
40
28
44
42
42
41
35
27
37
36
23
23
38
31
28
39
37
7
27
38
41
22
32
44
19
35
44
18
22
21
30
22
35
37
25
24
22
13
41
37
32
36
37
17
19
43
14
39
34
34
29
21
30
31
42
30
38
38
30
36
40
28
29
35
36
38
39
5
32
38
41
37
39
22
38
35
40
39
20
41
33
26
12
39
43
29
40
18
39
38
31
37
41
39
27
17
37
37
24
18
33
13
10
31
36
43
30
37
17
1
37
21
42
35
27
29
32
38
41
36
26
34
16
36
27
27
36
31
40
42
3
29
3
26
35
31
42
36
38
34
41
35
2
40
28
26
39
23
30
36
26
41
38
37
29
37
23
39
38
33
20
39
30
39
34
37
15
38
35
41
35
32
33
34
39
42
38
38
40
30
21
34
37
40
23
38
27
35
39
30
38
27
38
37
35
38
37
32
26
36
41
41
39
40
33
39
16
24
15
15
27
34
36
39
39
13
31
29
22
30
35
20
41
27
30
35
22
24
29
38
29
32
37
7
24
35
4
38
41
30
27
19
25
12
23
31
17
39
42
39
33
41
35
35
36
40
38
14
2
39
30
41
38
35
31
20
38
38
31
29
30
34
24
35
34
10
38
40
34
37
38
17
30
30
35
36
39
39
38
28
41
4
37
37
29
38
29
31
33
19
13
30
5
41
26
35
30
19
37
37
17
32
34
37
37
17
33
36
33
35
31
3
18
6
40
31
34
29
37
34
34
35
36
30
25
39
34
15
33
37
26
37
35
28
21
28
38
29
38
5
39
26
36
28
36
39
37
27
39
29
31
18
32
21
34
38
39
39
30
35
36
37
38
24
36
35
35
32
34
39
33
37
27
35
25
26
30
41
36
25
17
22
36
35
31
33
23
22
24
26
36
35
23
27
27
35
25
39
32
39
40
33
29
22
24
11
23
33
20
31
34
39
36
39
35
15
38
23
17
30
25
31
36
14
33
38
36
32
40
18
25
33
28
11
36
29
11
28
35
28
15
23
27
30
37
26
22
38
38
29
35
37
32
26
30
23
14
26
29
34
10
38
39
32
34
24
40
30
25
28
34
27
26
29
25
23
40
40
21
29
2
36
12
35
31
35
35
26
26
11
9
31
37
32
21
4
38
24
24
37
33
35
15
24
31
4
33
22
26
38
38
29
40
26
22
24
31
34
38
28
24
39
29
35
21
36
24
19
38
15
33
34
33
35
28
12
33
21
16
23
30
28
37
13
34
26
28
18
32
32
29
20
31
28
29
35
28
28
25
36
38
16
37
37
33
32
33
10
39
36
34
38
20
33
37
33
12
23
28
29
33
25
37
31
19
24
32
29
38
19
25
30
9
30
25
35
38
30
26
33
32
22
29
24
37
28
15
31
32
33
28
39
23
26
26
36
27
39
18
3
26
24
9
13
22
28
35
35
36
24
28
21
28
31
26
22
34
31
28
30
32
31
37
24
30
22
36
6
34
18
25
35
38
33
18
34
29
16
36
15
37
26
32
37
14
23
25
27
18
21
21
34
34
23
18
20
27
24
24
29
35
9
25
2
37
32
31
25
28
35
32
28
21
28
35
28
20
38
26
35
38
33
37
6
38
14
28
35
26
22
32
33
36
32
32
23
29
34
32
21
33
33
35
31
30
38
33
22
34
12
32
23
20
26
37
21
36
38
26
30
36
37
31
17
11
17
24
23
35
36
33
34
6
23
38
20
24
28
29
26
26
31
27
6
33
27
27
31
33
21
33
21
28
30
32
24
21
35
31
26
32
23
32
31
30
14
32
36
29
36
35
28
16
38
34
19
32
36
35
30
22
24
34
30
29
35
33
33
34
36
12
33
29
13
17
32
30
32
28
24
21
33
29
18
32
22
12
27
33
20
30
32
33
27
34
17
24
24
37
16
21
15
20
20
9
37
8
36
33
35
36
17
17
22
19
32
34
36
25
33
23
29
5
30
35
30
20
28
31
22
23
30
30
36
32
33
30
22
14
36
34
25
23
11
22
37
36
26
8
28
35
19
17
35
32
31
33
24
13
35
29
21
26
26
32
23
18
21
37
21
22
28
35
34
15
31
28
34
33
30
22
32
19
32
17
14
37
37
28
11
21
12
23
27
15
5
31
28
31
21
18
20
34
29
31
32
9
31
35
35
36
28
32
23
22
34
27
24
32
26
36
32
33
36
30
19
15
23
28
34
28
30
23
21
21
31
24
29
35
31
15
18
32
35
32
19
31
32
36
30
35
27
31
19
29
31
33
26
32
28
10
33
35
30
31
30
29
35
25
30
22
21
32
31
27
24
15
29
20
20
24
31
32
28
35
36
20
23
16
28
31
26
25
17
5
31
23
26
36
17
32
18
1
27
32
22
19
30
30
28
26
20
24
21
32
36
28
20
27
33
20
32
28
14
9
31
34
32
26
22
25
29
24
11
17
10
35
26
33
24
33
35
30
28
27
31
32
35
35
27
16
35
21
24
29
32
20
31
28
26
27
32
30
32
34
14
10
18
33
4
33
28
32
33
20
23
23
34
13
29
27
29
6
32
26
26
27
17
25
26
17
32
29
26
31
30
24
20
31
28
33
32
30
29
34
33
17
34
25
25
29
28
28
34
28
18
27
32
31
31
30
22
24
30
21
24
32
33
9
29
24
35
32
25
28
32
35
33
8
31
31
32
28
16
21
32
20
33
24
32
16
33
25
24
21
32
27
34
35
33
29
31
27
35
31
22
17
20
25
28
32
27
9
16
28
25
28
26
18
18
10
18
18
26
17
15
34
26
27
25
27
32
20
20
25
17
33
32
30
34
31
21
20
20
12
32
20
30
25
35
32
27
33
31
34
29
30
33
31
32
33
24
26
19
20
34
23
16
23
34
19
28
20
21
20
8
25
14
30
28
31
18
30
20
16
11
9
26
29
32
17
30
17
15
17
23
29
29
16
16
31
25
34
32
5
20
33
17
20
30
27
17
25
27
21
27
3
6
28
31
34
30
18
34
20
18
21
27
20
11
30
25
32
24
6
6
27
32
28
32
9
31
22
27
22
18
15
22
28
34
20
16
29
31
26
21
18
32
3
32
34
5
25
33
33
28
34
24
25
25
34
30
31
17
28
27
24
22
23
20
25
34
33
21
16
17
33
31
26
27
30
28
26
28
31
22
23
28
33
27
17
33
20
25
17
31
30
1
33
22
27
30
28
34
20
25
27
33
28
26
23
32
13
17
30
26
26
32
26
27
28
27
8
7
25
20
29
24
30
30
23
29
28
33
15
27
28
26
31
15
21
32
21
27
20
30
25
32
24
27
16
31
22
19
32
26
30
24
30
22
17
28
29
24
30
28
21
26
32
32
8
12
8
23
30
16
32
21
29
14
25
24
25
20
18
29
27
31
33
33
29
23
22
20
21
28
26
32
19
25
25
28
33
32
28
12
19
30
32
30
31
31
27
32
26
13
28
32
26
32
28
17
33
28
26
31
18
23
28
23
30
22
24
25
29
25
19
12
23
19
24
28
22
26
22
31
30
25
25
14
31
7
32
3
21
17
13
27
17
30
29
28
24
29
30
23
19
24
26
32
25
29
32
32
23
16
14
30
24
33
18
31
21
30
31
27
31
10
25
32
24
10
28
30
25
33
15
27
31
23
21
17
30
32
17
26
16
21
25
17
31
29
26
24
26
26
32
27
11
24
26
19
27
30
25
27
27
9
24
32
20
16
15
27
13
24
21
18
26
30
21
31
21
29
28
20
14
31
26
31
32
30
19
31
23
21
20
29
10
17
10
31
31
26
29
21
26
17
22
30
28
23
32
23
19
32
21
21
20
32
24
30
26
24
30
26
30
20
29
13
7
18
26
25
16
29
31
16
31
17
21
23
13
25
26
31
24
29
17
21
24
27
28
20
27
30
28
15
21
28
30
27
26
20
26
14
29
21
23
16
18
32
17
28
23
27
12
14
23
30
17
23
26
24
30
3
23
31
22
28
21
31
7
30
28
29
14
31
25
24
30
27
31
20
20
30
31
18
21
20
27
18
18
32
24
27
32
28
27
3
2
12
17
22
27
1
26
25
31
27
32
19
4
16
18
16
21
11
26
25
23
29
25
29
28
21
26
19
30
28
31
27
19
29
21
26
13
28
23
26
27
30
19
18
26
18
25
31
26
28
31
12
15
11
30
30
23
15
22
24
28
18
22
30
30
23
23
28
27
18
23
28
28
31
30
25
22
15
26
24
27
13
24
23
11
19
25
28
16
20
13
26
31
21
22
19
6
25
27
25
20
29
23
27
28
30
29
31
17
27
16
17
24
9
13
22
20
23
22
20
19
26
24
21
31
23
27
23
11
27
26
21
26
25
26
24
20
16
30
18
29
21
18
28
27
31
23
31
12
10
25
27
18
19
27
21
12
29
21
27
31
26
27
31
21
22
23
29
7
29
24
17
22
18
12
22
27
31
30
20
22
19
20
24
18
20
30
18
17
26
21
22
13
26
28
22
20
30
25
19
25
20
30
19
25
27
28
20
22
21
23
24
2
22
24
28
22
22
31
15
12
19
27
13
30
30
14
27
25
19
4
20
27
27
13
19
19
9
21
25
23
20
26
29
27
30
30
15
29
27
26
28
24
20
22
28
28
28
27
29
20
28
20
30
20
18
26
19
24
26
16
25
11
25
28
13
18
15
24
1
22
24
24
30
20
28
23
20
12
26
17
25
25
19
24
26
20
14
17
26
22
6
30
29
29
17
16
27
7
20
21
17
27
29
22
10
20
20
16
22
27
28
22
27
17
15
25
21
22
12
29
28
26
29
25
30
28
25
24
30
22
25
27
24
19
23
26
16
25
27
22
23
16
23
29
27
16
21
16
27
18
21
28
28
18
24
30
28
18
30
22
16
13
17
26
18
10
25
16
23
30
28
19
24
8
24
16
16
27
24
30
18
30
17
23
25
30
22
27
23
25
23
20
17
30
27
28
9
21
30
21
16
27
15
13
14
28
13
26
23
24
29
21
15
28
27
24
21
19
26
24
27
25
23
27
29
25
15
26
24
18
28
13
24
27
23
29
29
26
15
15
22
2
16
27
9
